Sync: 0.04646395800000003 sec
Thread: 0.038622500000000004 sec
Process: 0.928469167 sec
